0,1,2,3,4,5,6,7
0.24436024659381053,-0.0008033366971454264,-0.22059703753242502,0.0006831707354436257,0.057193703731152935,-0.0005831550576543309,-0.08090477634421747,0.0006511845710355941
-0.0008033366971454264,0.24433880880796877,0.0006442797418145895,-0.22057814648161134,2.0179726213857e-05,0.05718895174428057,9.403950269611511e-05,-0.08090477634421753
-0.22059703753242502,0.0006442797418145895,0.241508372655111,-0.00061511220387333,-0.07807542528716001,0.0005291259399064346,0.05718895174428062,-0.0005831550576543353
0.0006831707354436257,-0.22057814648161134,-0.00061511220387333,0.24150988891192748,-0.0001382591320942491,-0.07807542528715994,2.0179726213808474e-05,0.05719370373115285
0.057193703731152935,2.0179726213857e-05,-0.07807542528716001,-0.0001382591320942491,0.24150988891192765,-0.0006151122038729618,-0.22057814648161125,0.0006831707354433012
-0.0005831550576543309,0.05718895174428057,0.0005291259399064346,-0.07807542528715994,-0.0006151122038729618,0.24150837265511088,0.00064427974181411,-0.22059703753242504
-0.08090477634421747,9.403950269611511e-05,0.05718895174428062,2.0179726213808474e-05,-0.22057814648161125,0.00064427974181411,0.24433880880796835,-0.0008033366971450679
0.0006511845710355941,-0.08090477634421753,-0.0005831550576543353,0.05719370373115285,0.0006831707354433012,-0.22059703753242504,-0.0008033366971450679,0.2443602465938101
